.Random.seed <-
c(403L, 34L, 184042796L, -1294768638L, -918430499L, -245536809L, 
1233777342L, -1188805384L, 259087067L, -95968967L, 174859400L, 
1990247478L, 1598677105L, 161018531L, -1668397070L, -563893436L, 
1363977223L, 904561117L, -1231003948L, -1923251718L, 1172450629L, 
-349939297L, 374082342L, 1061483440L, 1247887443L, -1879639183L, 
-849876320L, 471416382L, 260502857L, -731976709L, -1483010102L, 
-175496916L, -100156113L, 852304869L, 376576668L, 1357094642L, 
1152298861L, -1228420953L, -1456321842L, 121624616L, 1280951339L, 
831153737L, 622595928L, 1821157894L, -1450322975L, -503025293L, 
-303201822L, 1716827476L, 352390231L, 212365389L, 535852004L, 
1871491530L, 1021933621L, 1020827279L, 1559332758L, -1439749312L, 
-1413462525L, 1819278369L, 1090203408L, -544045842L, -1612018535L, 
-1703556821L, -858071014L, 467917532L, 32393951L, -1459268427L, 
-301120948L, -1980911966L, 1495414269L, 312581879L, 1379522590L, 
746445528L, 66670139L, 212622297L, 339102056L, 1397137558L, -22774255L, 
-1248315453L, -1675760686L, -739166620L, 577398183L, -1548469507L, 
-2116362508L, -1460364838L, 902298917L, -1026708417L, -228361274L, 
608106576L, 696661107L, -1093461871L, -1183700800L, -1140637026L, 
-1380639127L, -1120792933L, -157670486L, -181270580L, 538696335L, 
1726788293L, -2119378308L, -1697597742L, 1488093773L, 1553633031L, 
1614893806L, 844523464L, 87648459L, -1480066775L, -1563582088L, 
-1169774938L, -214699839L, 963696979L, -2071656958L, 1851670324L, 
264301751L, 529972397L, 397224388L, -1425946134L, -667011499L, 
1541744623L, 1505228790L, -1157943008L, -500842781L, -1494784127L, 
2065637872L, 1648992398L, -1701443591L, -1795351157L, -1377089094L, 
522094780L, -1767478273L, -1788946091L, 818815596L, 1927972546L, 
-814886627L, 2021648279L, -173415682L, -2008942408L, 1254449819L, 
1575186681L, 1612665416L, -1708868234L, 538815665L, 1447477475L, 
1486479282L, 1113890820L, -1876651193L, 1786858013L, -451551084L, 
-290385862L, 1471222405L, 461247327L, 950823910L, 517105264L, 
2039466387L, -1379979727L, 1889797344L, -1095617154L, -1877563383L, 
1495828539L, 1917376010L, 1102120428L, -1962767761L, 1633289637L, 
-317442724L, 989227314L, 1906423853L, -189409561L, -1957463026L, 
-655923736L, 1627230187L, -559107959L, 239739928L, -1198476474L, 
1331736993L, -1590681549L, -1215025758L, 253352084L, 1250283287L, 
238479629L, 1022263332L, 779681802L, 541697397L, -903732017L, 
981583830L, 756287360L, -1579689021L, -905032351L, -19573808L, 
595632942L, 516767449L, -154940181L, 1287130458L, 1819402012L, 
-1639327201L, 448244341L, -1755994356L, -1522648350L, 59801533L, 
-627161033L, 1688060638L, 1119673880L, -1371790981L, 1133459737L, 
-1773451864L, 564570454L, -2095777327L, -698336893L, -980572142L, 
115862436L, 1488681831L, -953196355L, 955185204L, 369523610L, 
-80005147L, -1441799297L, -1549393146L, -1825289072L, 1644002611L, 
-1369351471L, 192528512L, -1330030242L, 227495593L, -931145381L, 
2001859434L, -1899955700L, 63531599L, -1739979003L, -1888235588L, 
-844010862L, -1397329523L, -770866736L, -1741935636L, 589107604L, 
-1815948846L, -592887456L, -1105805492L, -1070180064L, -414683262L, 
-1299734808L, 62525676L, -1100688324L, 1807870834L, 620543600L, 
-798993372L, -1529918664L, 716188826L, 202945232L, -393183044L, 
-211153260L, -815815038L, -1927776064L, 573518652L, -1678394224L, 
-1361830366L, 1740013576L, 281722124L, -793387876L, -1982366190L, 
1193369472L, -1615802860L, 494955048L, 2050590010L, -1338287664L, 
1679922284L, -1188259532L, -460405102L, 408218464L, 1330111308L, 
-1946232864L, 1351108514L, -800217176L, 223276428L, 1564092604L, 
-2038175374L, 262730992L, 276095044L, -582201000L, 55309882L, 
-880444560L, 1205819452L, -571990252L, 184612290L, -580494624L, 
-1748318340L, 412208848L, 1161361570L, -744498136L, -1013046004L, 
987375548L, -1272878798L, 1345071552L, 705849908L, -1383560248L, 
-33187654L, 1963645328L, -541740564L, -1118010796L, 804970642L, 
-853197024L, 1390381516L, -474384928L, 1434932930L, -385866712L, 
1182708396L, 1319191740L, -271967758L, 1800216880L, -960645980L, 
-1999984968L, -63845030L, 458466704L, -1695501444L, -2098603756L, 
-1112640702L, 1606130432L, 180623292L, -1115447472L, -952851678L, 
2125921608L, -1943447028L, 2033891420L, -1250702126L, 442358272L, 
-1843638956L, -1117775384L, 1205877754L, 2078634192L, -113427156L, 
-1595329804L, 2054785426L, -1996540832L, 1556817164L, -1893223712L, 
-1332647582L, 1580550824L, -881946036L, 1995899260L, 154404146L, 
524013680L, 2074785604L, -555307560L, 2115550330L, -1690497488L, 
-1995961668L, 1160007508L, 1523536962L, -902550112L, -1972503876L, 
664730064L, -1320784542L, -965627928L, 2006861772L, 410664700L, 
-299769358L, 748857472L, 1346516212L, 1890891400L, -667089094L, 
-2139794608L, 1967445612L, 121114772L, 1871987026L, 1766907616L, 
-619384116L, -2066181984L, 1320409986L, -2099350808L, -149286164L, 
-526226372L, 246243954L, -820845456L, 1524680228L, 1215906872L, 
1707534362L, 1032014544L, -2094947268L, -994847596L, 306580610L, 
-1161271360L, 1719081276L, -1546734960L, -2131633118L, -717659128L, 
-1854916468L, 1846701084L, 43697810L, -516885376L, 1683488788L, 
617964840L, 1225313850L, 2120197328L, 2066744428L, -998747468L, 
-1422620654L, 960215008L, -984428596L, -676057632L, -196481502L, 
-916133592L, -1346948852L, -656206276L, -1377656590L, 1531411184L, 
1014088516L, -602232232L, 164115002L, -1769445648L, 834534588L, 
-1761047020L, -1548042046L, -1801899936L, 1577520508L, 1343618256L, 
-1045218270L, 1365965480L, 1427386252L, -880846404L, -259099598L, 
-490096832L, 1884223668L, 1014965064L, 2123561658L, 697708304L, 
-1923098388L, -361597868L, -2010224878L, -452275296L, 1981284300L, 
1218530144L, 1651478722L, 2082526760L, 1932002732L, 304054076L, 
-1662693518L, 1985897264L, 904675876L, -1597902792L, -1747923750L, 
-1526529648L, 1339352828L, 1598013332L, -799595710L, 1102879232L, 
-1828773316L, -1949854128L, -942026078L, -2108200120L, -935183860L, 
-1674818340L, -1807424942L, -164628352L, -687088812L, -2089618968L, 
-2123535622L, 1163097936L, -1440889812L, 224089460L, -561408379L, 
1399823138L, 373055504L, 2059795385L, -1096299413L, 684035932L, 
-652839286L, 245043839L, -1541989431L, -1221793698L, -406856948L, 
-777403683L, 1902816231L, 1958088720L, -164963026L, -1825123877L, 
1436223165L, 580269098L, -808409912L, 271188465L, -1458286749L, 
-1894164636L, -2141770094L, 1128770407L, 1655723313L, -1119375754L, 
-347263084L, 1298516901L, 42237103L, 227406184L, 475183430L, 
-1630744333L, -1640870315L, -1747471822L, -1960312832L, 522986729L, 
594535259L, -475740756L, -243868230L, -1739576465L, -349041415L, 
-1744432754L, 1031300188L, 542488269L, 1755767351L, -1656026944L, 
-983189602L, -79127445L, -526337043L, -1502093734L, -1406885608L, 
-693203327L, -1595792333L, 849293908L, 1101518434L, -730556169L, 
-39625919L, 978801094L, 1827584772L, 1038552757L, 1573280159L, 
-808118792L, -1568089130L, 1885505123L, 725743141L, 99313090L, 
-1994646864L, -829402407L, -1374215093L, -1640473924L, -3454742L, 
-586054369L, -1596011095L, -1112831170L, 973874732L, 699110525L, 
1476300487L, 1954510768L, -1006556722L, 1106879227L, 35209565L, 
815571594L, -435916632L, 688763921L, 22463747L, -65943548L, -1939406L, 
123273351L, 1977527505L, 359069270L, 147891764L, 370597189L, 
1713278863L, 163986184L, -2147402458L, -459381293L, 1907568437L, 
702277266L, -634895776L, -213675063L, -46075141L, -1954448180L, 
-173181606L, 1553578063L, 101676313L, 1240981294L, 1300189500L, 
-129550675L, 753480023L, -187285344L, -149930498L, -923184949L, 
-2000539955L, 150469114L, 1429021240L, -1136590879L, -1658390381L, 
394140340L, 1514985410L, 871961559L, -1872258015L, -358130714L, 
385828580L, 1463497237L, 1817803327L, -1353649704L, 1637214198L, 
997855235L, -448529595L, -684798110L, 1028337872L, -242959367L, 
501274411L, 694051996L, -492487990L, -1995852865L, -2117869815L, 
1080756254L, -274892340L, -1472982115L, -2136650201L, -1745312688L, 
917482734L, -1743844965L, 1825390589L, 1457326826L, -406856312L, 
